COS
0.5		0.718466667
1		0.718466667
1.5		0.718466667
1.6		0.718466667
2		0.718466667
2.5		0.718466667
3		0.718466667
3.5		0.718466667
4		0.718466667
4.5		0.718466667
5		0.718466667

RIPT
0.5		0.433333333
1
1.5		0.666666666
2		0.533333334
2.5
3
3.5
4
4.5
5

30enter_recv
0.5		0.508536585
1		0.479629630
1.5		0.600483091
2		0.488095238
2.5		0.627777778
3		0.516666667
3.5		0.716666667
4		0.668137255
4.5		0.661202186
4.7		0.627777778
5		0.627777778

ALOHA
0.1		0.450000000
0.2		0.450000000
0.5		0.450000000
1		0.450000000
1.5		0.450000000
2		0.450000000
2.5		0.450000000
3		0.450000000
3.5		0.450000000
4
4.5
4.7		0.450000000
5
















30enter_recv
0.5
1
1.5
2
2.5
3
3.5
4
4.5
5
