data_rate	throughput
aloha
0.5		0.18903
1		1.50022
1.5		1.36982
2		1.25930
2.5		1.88018
3		1.97326
3.5		1.83557
4		1.29401
4.5		1.84403
5		2.04601
6		2.43388
7		1.99268
20		2.13720
25		2.07668

10receier
0.5		0.22779
1		1.12503
1.5		1.09517
2		1.05740
2.5		0.80281
3		0.35208
3.5		0.39803
4		0.75919
4.5		0.48347
5		0.05459
20receiver
0.5		0.22150
1		0.83905
1.5		1.08672
2		0.64849
2.5		0.09236
3		0.70586
3.5		0.39542
4		0.02032
4.5		0.48068
5		0.10693
30receiver
0.5		0.23571
1		1.02503
1.5		1.08798
2		1.04382
2.3		0.61728
2.5		0.10801
3		1.07593
3.3		0.62385
4		0.46755
4.5		0.48185
5		0.83213
40receiver
0.5		0.22186
1		0.91693
1.5		1.10066
2		0.97386
2.3		0.09982
2.5		0.05603
2.6		1.22207
3		0.75641
3.5		0.62816
4		0.73680
4.5		0.48338
5		0.05828
50receiver
0.5		0.21997
1		0.93941
1.5		1.10264
2		0.07042
2.5		0.08714
3		0.71315
3.5		0.04245
4		0.05324
4.5		0.48446
5		0.06061
