COS
0.5		0.718466667
1		0.718466667
1.5		0.718466667
1.6		0.718466667
2		0.718466667
2.5		0.718466667
3		0.718466667
3.5		0.718466667
4		0.718466667
4.5		0.718466667
5		0.718466667

RIPT
0.5		0.433333333
1		0.666666667
1.5		0.666666666
2		0.533333334
2.5		0.666666666
3		0.443636364
3.5		0.666666666
4		0.457516340
4.5		0.666666667
5		0.666666666

20enter_recv
0.5		0.491025641
1		0.491025641
1.5		0.610344828
2		0.454901961
2.5		0.627777778
3		0.538888889
3.5		0.716666667
4		0.669651742
4.5		0.661202186
5		0.627777778
30enter_recv
0.5		0.508536585
1		0.479629630
1.5		0.600483091
2		0.488095238
2.5		0.627777778
3		0.516666667
3.5		0.716666667
4		0.668137255
4.5		0.661202186
4.7		0.627777778
5		0.627777778
40enter_recv
0.5		0.497058824
1		0.478368794
1.5		0.481372549
2		0.438172043
2.5		0.627777778
3		0.503333333
3.5		0.716666667
4		0.668137255
4.5		0.661202186
5		0.627777778
50enter_recv
0.5		0.489344262
1		0.485555556
1.5		0.584946237
2		0.475806452
2.5		0.627777778
3		0.498484849
3.5		0.716666667
4		0.668137255
4.5		0.661202186
5		0.627777778

ALOHA
0.1		0.450000000
0.2		0.450000000
0.5		0.450000000
1		0.450000000
1.5		0.450000000
2		0.450000000
2.5		0.450000000
3		0.450000000
3.5		0.450000000
4		0.450000000
4.5		0.450000000
4.7		0.450000000
5		0.450000000

