COS
0.5		154.453
1		153.931
1.5		154.102
1.6		153.890
2		153.905
2.5		153.735
3		153.711
3.5		154.172
4		153.974
4.5		154.383
5		154.229


RIPT
0.5		164.067
1		166.241
1.5		179.940
2		180.725
2.5		187.301
3		185.399
3.5		128.042
4		188.561
4.5		192.933
5		169.471


20enter_recv
0.5		164.739
1		159.959
1.5		174.624
2		174.066
2.5		179.156
3		179.470
3.5		112.113
4		99.096
4.5		50.546
5		177.091
30enter_recv
0.5		124.231
1		165.910
1.5		174.121
2		174.258
2.5		185.374
3		179.114
3.5		112.113
4		98.078
4.5		50.546
4.7		182.592
5		176.757
40enter_recv
0.5		124.019
1		117.036
1.5		173.728
2		173.007
2.5		185.038
3		178.766
3.5		50.546
4		98.078
4.5		11.392
5		176.426
50enter_recv
0.5		123.807
1		164.876
1.5		179.648
2		173.135
2.5		184.702
3		178.383
3.5		11.392
4		98.078
4.5		50.546
5		176.106

ALOHA
0.1		115.224
0.2		115.488
0.5		116.273
1		117.583
1.5		131.792
2		132.158
2.5		137.975
3		137.332
3.5		140.888
4		140.903
4.5		140.925
4.7		140.960
5		141.123
