COS
0.5		0.895
1		0.794
1.5		0.000
1.6		0.939
2		0.000
2.5		0.902
3		0.000
3.5		0.000
4		0.000
4.5		0.113
5		0.034


RIPT
0.5		0.000
1		0.000
1.5		0.000
2		0.000
2.5		0.000
3		0.000
3.5		0.000
4		0.000
4.5		0.000
5		0.000

20enter_recv
0.5		0.616
1		0.085
1.5		0.084
2		0.074
2.5		0.192
3		0.167
3.5		0.911
4		0.937
4.5		0.993
5		0.243
30enter_recv
0.5		0.979
1		0.600
1.5		0.107
2		0.095
2.5		0.549
3		0.184
3.5		0.911
4		0.936
4.5		0.993
4.7		0.106
5		0.254
40enter_recv
0.5		0.977
1		0.032
1.5		0.129
2		0.114
2.5		0.562
3		0.200
3.5		0.993
4		0.936
4.5		0.999
5		0.264
50enter_recv
0.5		0.974
1		0.569
1.5		0.387
2		0.142
2.5		0.573
3		0.218
3.5		0.999
4		0.936
4.5		0.993
5		0.273

ALOHA
0.1		0.751
0.2		0.750
0.5		0.748
1		0.744
1.5		0.992
2		0.992
2.5		0.992
3		0.992
3.5		0.992
4		0.992
4.5		0.992
4.7		0.992
5		0.992
