COS
0.5		0.00198
1		0.00522
1.5		0.02266
1.6		0.00162
2		0.02536
2.5		0.00288
3		0.02788
3.5		0.02194
4		0.02446
4.5		0.01691
5		0.02050

RIPT
0.1
0.5		0.00198
1		0.01439
1.5		0.01817
2		0.02788
2.5		0.02806
3		0.01151
3.5		0.01655
4		0.02212
4.5		0.02860
5		0.00701

20enter_recv
0.5		0.00683
1		0.13580
1.5		0.15198
2		0.16313
2.5		0.15828
3		0.14461
3.5		0.13202
4		0.14605
4.5		0.01475
5		0.21296
30enter_recv
0.5		0.01385
1		0.01115
1.5		0.15774
2		0.15558
2.5		0.03399
3		0.14821
3.5		0.13202
4		0.15090
4.5		0.01475
4.7		0.15594
5		0.21475
40enter_recv
0.5		0.01565
1		0.65092
1.5		0.15432
2		0.17896
2.5		0.03579
3		0.15144
3.5		0.00054
4		0.15090
4.5		0.01475
5		0.21655
50enter_recv
0.5		0.01745
1		0.01960
1.5		0.04389
2		0.16907
2.5		0.03759
3		0.15450
3.5		0.00054
4		0.15090
4.5		0.01475
5		0.21817

ALOHA
0.1		0.25540
0.2		0.25648
0.5		0.25972
1		0.26512
1.5		0.00863
2		0.00863
2.5		0.00863
3		0.00863
3.5		0.00863
4		0.00863
4.5		0.00863
4.7		0.00863
5		0.00863
